$ANSIBLE_VAULT;1.1;AES256
61653363663430363366626530636232333263376266373530383633356233613633326330323136
6461303830336364303939353565303731653939666136380a303338383865633935376132653763
63383135613335393431313061663535303464663630376662313366643565353635643637623736
6336616662393965650a656661343637303662663962636364666266336231313138653730396439
32346164653964323139623138616562393766393633343463653265376365623134646438386663
34643736316230396438363336626131323433383363333934323037666365316637663039373238
38383561313731373034633737633365623563343433353665353332316137626362316237626439
31336263343530623538326130626331666163323664383738373736633761353839396335376561
32306136663663333337393734346237613436356335313463666534616136626137376438613335
63363933636265346530656364393730626161376134613663643630383666353562363334353033
32633232333661353030343932346637343366666635353835656138623864613432353062633230
62356539396134623136613038643861636237333464306662383535613938663665613866623530
61626434373363356561393963326433393264316334646361313864616538636465343338333332
64393537353965633762633633666130646463316161336466363665643234373433636434393730
66616230353134623236373661656539373366343938363935306138306437356132616666646131
66343633333131656534343063633137336365643564383066663037313539303766346661666237
32643462376266363361666366353138313361353139643562626166323035373466363333343130
61663563653436646365643439383066343464656466373932633037346162663464306335303166
63646339613138663234653337626263336436663039393661373234613634306362623339323332
36626561316232356232336536373531376336663237616637343034386435363864643765343037
32656232373961383966353736306633613166303130663336383332613033666330643331643131
30653531643232306130303234613666346333383236383038343838643066356336333633633232
65633334363863336430323935373538366234383162326162393230626330363636396639396433
30653738653531396232323130373235643666616664393630303563313137633339663139333563
36303963636335396164626434303330336266336135396230306564356337306334336530363939
32346135623238356336396631316230333565376639383532663739666161613965393636383439
62613039363436366435643035643832343365316636393236366566383534396664303934616336
33666437663230643263326335306436386561363538363633626634653339663965636361616234
64623234383063653564346162363864346239386464333134326461373437343439653036373638
66333162313662353335396534386533366535333337613230313134383339316434393936303935
37333766366264346263376465666632353037636236346539613533323366313635643039366432
66363961313963346436373932373064323730373936326135633137626662663436356435373233
37616437316663366134313438646135386635376461396533313061383265316166663265623436
32353065343662373965613365363361396533646337343562663461396163663535323964396465
62616162636630656534666231303838633738356239666663303235393433386138313965386537
30383065656135343538313933323663323366353836306633633939326532373431616538316637
37636631353764623837366533366162326233346133656563626630373639626430
